$ANSIBLE_VAULT;1.1;AES256
65613866373333316338613930663239393237616265663865376434656562616638383861396536
6234386333653562633532313461643230313033656435340a653662313131396430343333333663
64653066653565306364613534373633653463353138626236623833323930623139363563343938
6339376331386139650a663838636533343664383539663430306565373637613362663464373535
34376663336434613861383438376333396262643764386135306439666165316338353032626237
37613430336133366235306362326539343630356434303432383463336565373764626631306165
32623763346137636562383437313634303664653433393361643765333737626338643163326133
39316663633965613532653132363264323030663332623837363233653536623836613332333436
64356237373135386532636535373236633338323663336535393862313331353365306533356266
66376336633930396333373634373763326233666231366132396330386632346332396535613031
32363164343230316534396433356437646164626262663032303365633639396532626433303635
30633738373432303733396365663734346262356261313439626463623666316362313936383764
34343961616563343735306237376637616532353830633262613864376339343763653961323264
35663033353537623264663936313935393766633737363065323266383563303437343263353561
65386635326232386137343034636361383234313461313534636439363162613630633336303266
62626239653965323032626431643863353137306433653464376337613265326433613339396533
64386339376334356433363033393836656365333137373164383232313063396333643135653138
35616634613836643362396130326432623832363761316533376566646536393063646639633733
34636330336230313238373439333462373764316665316465363963366264643966326432633236
39343336306262373065626634383932656165383838393063326165313166333630363835326161
61363762373465306336353931643831343932303237303761303734303037336139386337373836
34306262393833363430303633303930306633353861363133666630626131333138663661633766
65393633636461383961353964656239653031383737333666363162306135333239383832383565
31353761343136313263363939653337633335383931393934336131636362636536643334303363
37396134363563656331393936626230633735393266313566333038326435666162303031316462
63383734666463633434643736633562613239653263373562626435333761613062613136326166
36633532356562306338373533336462383837626132383231613665356430663065356132643335
39363966376638306565633231616130343861353866346365373439643638373834353037393735
61616633626639336266306335363939663133353636643936663032393035383762666638653463
63393437356336346663323934316333366164323138376236323031333465303461393666653935
35386338386336666333303066366238353861663865326639353830666633303165353932616364
65666537633737376139326634633461343762393339366339353162663633626636396365633338
65313162366434636632643136663735383264323431323533393665336564643833353862643738
36363463653533656434613666336165363932373963396262623338343332323934666633643833
61386133326363386237333632336533636330653432656363333537633432643637623864663562
35383939393863613461633538663734616134663130313031343438383434323130393863383030
61376364373939376362313262623561386139663761363763353737626631343630393531626139
33383939643864313832326165643132356639636161396462633230306230363563393438323633
30373434346635363430396464323935666437636466313532313331303632353365653162353439
34666166366239323366633537643239393536636461353561326131376164633137646461653262
63636239336231666566343862353962653531626166366366663965343437373066393736663264
38373835383735383839383163653134343430383137363065333838613866373437346538663230
39656161326465633235646333643634376262363832313631336436383464373738363639393930
33363232653436316333313864613034643663306633623830633736626261313538616464623534
36306530633161396332666335623832323835626631613333366534343065373233323934323531
66666566336139343139373936653966643337343532313964393236376339636362316436643264
63623636386534306239393138313764613264326461303031343036626135376561306665393664
61373930383665323930373535363231313339323835353261353432336331633862313065333861
33376533343765643232333966636465636664313938366631613061303036633664393963613431
37396366393663633532616366356665646436346432363636653838336564616662643164356638
63343937346232336438663031633834323263373838306130396166313562626439623662653036
66333132623137343130343139323832323838396162633862343763303735386333313263633134
61613662393337363733326337666435363330356232373065616264653735613336326630626664
61373464356536336262633432363836616637303833633130623666353830316364653233363165
62383437363936346638633437346662353138643135373664316366653137663934613233373937
31353962616631653433633439646532666337613062636338333963353265393263656463666336
64303336313166316461666234633266336236666330396432393337356263363032636662633630
61346264666234303737396137633237643764396536373431373536353533346130343430343136
34303239646266643339623630326631333733636432336637346262396264373538653334616334
64326132353163663632343631356261393134323162386636663636613262346136376665633730
61626165636338313962656565383763613533626634363231303630646534616366376130306234
66613630326339373762366333303936303262353034316633356239363964643038303537383231
32636337396263373633346632623561393139656439303963653766323333323731326133306636
32376333353131646162323062363138343761613535653161653561373361333830333863633938
64366334353636353162326137383138633566313933313035613836323266663665653262376132
65646164323066393330386332303264393237323261303261386230303736323835303539656261
36666535303832393361333964366530393735306136323232646132393633666131666332303063
36376435353432653032376230353035313565363438336663663062336631313339316335346130
61356238616232343838396661376662613262613832656437306632353364346337303466343734
62623538326562613962616564363263653632633934306165663036616633636434383230613764
66363766383665626136633036393062303565386661646136333936313238383765363631316566
31396234313062353865396630333438643539613361633230363633303964626662363334636161
33343139333533366636643565636664306562616435353536646637666265373063383564323565
33393966633063343035343739653366363966656165353462323539656365326238646464353533
33323764663362643664343765613231373532323735373936653462663762353336343464356663
34663337633030663532353735623266383735663037313136626231383233396131383536313034
31646265376539663732616132613636346363393433363836623039623936303736363561373632
36343335343232623732303837343166663437653432343066373262333735663762643166313964
64646430613834366538613830303836396533306536636633336666616239353838613039333130
30396565643764303665383564376235326164633765356362353733366335363461663462316362
37323938313137343638356430666362616131333061376436303766376135343538333862313038
66373635343362666430353263316635353039316363663761613037656662336339636539633165
30356164666336383630626435346531383233386430386236613332666637393930643766366161
38663064666464376638623130316336323137623034303366363136323661663762393039303331
33373139316535353561616237383365626436336333333739623936653534313832373464313135
36323632653366663866353863656664306663616536336231656563393766613264323264613162
63396539396662623764396237316266633037303831336433623461393833633437383764303161
62323362346134613739633536303036666263393338383164333861633538616334336132333339
30643665663232643763633536653431613033613033666335646334346135396531393132313330
30333964383862633736656637333565333734623232363431623636663966616464653434623938
63363435383336633834646539383338646333363330303161616662303538396436316532356362
65383666643633333537373436396231633937313439636534323463333765306233386434323835
35666138386433326436616263646335346362386535303431373362373933636665626663363731
62663132316564393235656130346666633530326536316166336431623265663262643262636635
37666530623436653537393734623261343835373639346261383738343930383439363266626465
38633337616130396164343434303764353663663832356563356262663839376261643735353235
38336166353933326665396165363734643739316165623235393932626165353763396362653035
62306464386263323135346166666239633864633831336565326162613132383766633464396130
66356132386632653661316365323535386462316531613563323938366632333736343231343831
66313539613038386235313032316263656632616438383462373631343766643666333665313863
31326466316239346239303133373134396430633961326463623436646262326463326130313430
31663733663433653963613962376664653364623066393537666631303530653964626130313038
34353937656462316232383264643562643432326331643839376366313861636532326439616432
34616464626630373938613239626466393836313036663336376662336634616635313930656538
37383835333939643638333365333663626435663463303566376533653135366433326662666165
35653631323537643936633132653434333737383834653765336361396536636438653637366130
33326237376365333539316230336330616536613335653133383062333639616562373138623134
65316434333432386433653632396164376636383863306263363239333766306534373362396532
33653239323733383766636131316362376164353862623734386561306464663865386131666461
34383261353336303535636439643862633337393564616664323661343338306431653561316531
35653434393661643363323030393661383037303533346638363932373839343430396261353532
65326439303433653766336630313832613938663937623130353166653235366563316430636563
39333933663962366165386566313962396265306263626136323835373166323239346466323966
62656533666639356431626666313930303239656266623066643135343063323837326334383064
38353333373833646237353962313633346439666137613739656434383537316534633639336464
32323633373163636630373930613937363832393838643466366637373732623238633536376530
30323135636465656662626332373538356435343963646464663064346465353932656162393461
37313762343561326634623238326164343664636339633138373838656262343531633635303861
64326138663133663137613036316639383266363239663566306339663835626165303833313161
38303135663764366635353436303231613936643066303836616533323465363563323763393037
63656165393432336561303735643165633838653336666636326438356537666365333166363635
30336336343337633332646561313436373033636434386236633662666234396131336265623963
34303432313464376632333939316536306663373731323730373538353866313332633462323436
30376132376261623562363434363633623735373830303563613039366336383030353831373462
66326130303631656562626433633665636137313031346639336566396534343963366137366166
66303036616362643232326136353631333634313036373932396238306266313837343531333064
65666630616237313933653261616561666439616561626131306264663632653131656438356264
38663938366532343933666134383134623932626161323233653764323663616666663831336161
62323634663661666430633932333135376166316535656633663331333530663930663736333937
31386163363832353631656161616434346430326434366364366635326663316635643065393366
65666433373632643138303064626262313463306162323466376539396330323434386539393365
62376635636431623038313661636333663764626666613638333631313534643834356631623533
36386537376339343034383464653037316561653763636636653966363766616134653164366266
64383165353263353139353636663532633331616530353231333731663739613165623366623536
39613563326665353765353737663932383239656161633262313833633939383639376463383938
61393339383436623730323230336162313438353835613536636439353436646362653337316637
37643938616636336564316438623465333630316437626532653461393264656466323231646161
39333032633337343661666563356635323937373338653139336663666439353964306266363933
38306230656361306133633431623034356563393130623534623339653535363166336135653139
61313939653066313737633933343035316665376533346132636364306235306532326631373838
65303537666266653931383431636563363336613965336466353066313866363564333062666430
37616163373562656636313934376665396563363464383435623635353464386138613530323134
65646635633565336339343365626238646630616237303866376332393161353534383162383032
34323762363533306337313437613666353739353264336435363965616565653239633162306633
62366335323661316332373461326363653162653165633035396461313065623765353863653531
66666330363939303332306639613931383734393634656166646564363565633533373737323765
35663637363439393633366139636461313736383462343739646230663636303437643964623764
64613863643038663639343937353031623739353964646331636131616534333566343831396636
34316238333730373038356534353038646531306436616236323862313036386562356631643733
33626333653330313365383331323366613331306332366436666436383062663835336261646632
35613661303434636561366636316334623235376335373438613034653533313135333537313632
30323036613861643661326330376264623539626232303735333566666530666632326466663665
31633339333232633563633730613638356436353036343231366336376236646661303638636532
30393730313561373535633361303561653938623932306639303263643038646661393735393165
31653862366264616134626237303333366239633162653737373037353062386264653566643437
30623739313665393731373063656636666564346537616533663763653164303064643962633838
64336536623066326335313533316466393837653637613033363864383936333461396662366234
63643730383934316539396162643434376137616535646134393837373366633032623632356334
37333766363438613538643664663134623933623665363835303538393830373661353430316465
30336562623664633337343535383235613634356533323235623439366536336465386362653465
36306338623564306665386366333936653235646438616562643633373534313765613166333832
36323930326333633061333839316438653231653830633331323461356135333063623831616431
38666165366433313036333962633361376236623239666333646439623237656661323965313933
33646430646362333866663430396465626661623663663739373738326365643464636165393965
34623637353362623365386532636631396566323733616334373037383730356634636637656261
31643462633636366131343466636135316562396137623136326239333863643334313938306238
39373661643938663631626138623262343836343863396638363432643261646635336662646465
37666630373361316138313961663635323061303434643033656130653039363863323438316262
64346530656334623037316134666234646364356236303939653333306534316336663439383462
62333436616331366234316364643835336163383138666332613138333166623164303763646531
61363432343232623638363835376531643136366136323734633538396239353733336338393166
37306435326238306566333930623233613031626262626265343862633635366364376336353530
39626264633731643738643936343730373130316637643334616339636139386163386330346437
64353232616631313363303736303331326232613933326330363533326432303363363534396362
33666439383863303135366132656263326536386230626539666538323761333839316161656532
64303465376638623765623561356638326338333036353330383764663738666234393735366166
34303139376664663637306430326430343537613362303436623138616230653363663361326637
32366339363262316465393566643561343932356561373931643064306439313432353061353831
37353134396235633736623864323264663730363366313035623333333037386632623338613139
36373764656261616166623934633932346137623966636332623461383165346663346130303731
39623435616161656362346566326362336537373238353765363339333964363764363064643430
39386633653939356139636339393239313962326531616162336331633738323962643066666230
39666432313533353135396237346463623833373161333437346564333161613636336330643731
39343037393334373833643433386530646666383961623862626462363934363633303666343064
64326537313230663863343932623639346130653639303362393464393639383163616662616664
33643962363464343662643139653966353735363136633137626337383033383036653135663538
34646535623562646663303338353933643130383266303837653764666137376461383966653262
32336435356430343366626331626261393832623830306431663665666464306436303262373262
38343834313462636233616161303138636637303665636466613264326663623339623663626539
33333162613061353764613437613333323065626530343336393765386666636265656565643165
35636432363863313566623830636139623833623232333665646632666435626638393833376163
61393163653265653563353166333262356662643062396564646231336464363538336265353966
66646365636532633934623132663834383662623435326236613438366338633961393062326134
61363764306336623736323363663164343037626537336564663062613133633535323033633361
39326334316232643937366138353635633165393436636431656533303732643030613035376665
31373130616237333435313036363032643537346161633834383436656163396631643235646364
64346231626539383439313964626331353936333361393962623265326132363532323738386630
62373164393261633735633739643832326130313064656466646539323338306235656166313730
61326431353336346639643832393562396433343464646466326631353535346563663364313838
37323932656364653438316438373638386162366231333337383537343436343736663433383135
61303136626365376334373164656432343933343731613662386233643139343135373762663836
33306330653134363930616365656439386136303136343661303035656562656338343337396638
39373930636539366231363965643036313931383736316431373636656535343533663030643365
34613238633837393633613635623339336363646433376266313962373363353733653835376366
61623239653634373734333832323563633239666439306337333237613133326636653337393164
36333163373038373738333438306632303664376233613636613536303164376131626235313366
64613466346330643736396661346333663534666663623138663434323535366463363366346633
66636137313461333835366466336635636563656462653533323565663735313166396165373762
63306334633863346434393038323566616336346138303339343939336231323639616462636136
35656632353462396466303931373739363062353737323861366564326438396439616539666631
64646164636530623563393465333830343232666131303235653833623761393431336166373762
36343031303836646335343736663431363561373330666137346139653330353135333063366435
64396165346136386463666165363137393365636631633136373537336133303337326366353034
64653138636232333937343237343534333961623264346563353736336666313863346439353438
31343034313164323235356662306132363736373836646433633364303363353638323830393435
34663539373334313032626638316566303837366433616331396563323937663766306636306365
30333863323563383866623732653766363533396561363838326262613761336162386239663162
38666330393762343164633864633830323762656137353237633764303838633633613865356161
66633433326434303239393266353066316665346130313463653934333537333136663365653639
65313833353538383162303862616665373237386538616434643934363235356430666532323064
34386132383766336566343865646366633532323864626662303930663330393432316534323831
32663736303863383661346261663237333763653830323039323432333438363962636363343763
35343135323162323938623264393730346639383434333834613765353034613333366131326564
33386537303265306438393263316262646161383831613963306135303261633539613039313835
39656632613363396565366461373633633132386564383838303439353939336461666136643665
35626166393834346335353834643437393930313037663837613539666330623332393464363861
64663439316166393462303534613666353730646533356263343132336238333539343165303837
39363736633233363762366462633163623537333539613763366532656630363965333936326363
62316431636339613861363637626263323364666162306565663536376461376436643834383132
34623239653736346637326234306533386233663133353933303161633631306332626563333365
34303032346565313539393739343232303764373037643533346464623931333862383232326431
66656161373362303532653736663662323534353236386238623761616532386133616637356331
37326664383034383263313063363835656536353738343466323064366632663834626236306363
63666564313761356537336639353161396363376534336136656165623466333339336131653233
34656531616165363066656165663461343234306135653561613432343230633539316237633237
36303735393164333436393964613137323764343738643931353732663237333434306263326135
62336665313632613836383630373030393939313830663638366661663865373763616435633339
61343162643164313236306536613635643638393037316563383836623564653530353733613961
35383936656434646261366362356663383036653165626335313066343930666262353936363663
32343236343433343139616531373866303864333235373234376634343434333764396238633932
63313738636236356436613831376365656532383232653033316539393865613334363930373332
61363537633130323261366535636430376436363563653164346266623066366537323963363131
32613461656438646235356638656338303263626636343530623233356437323664643565646336
36633337396461616233383831656238326666623838316637616262653234633962316330636239
62383063346239366434383461343635633034306261316363306432666461323433396463373361
34663036663831623835316532366563336564303863623732336366343430336632326430353335
66623733373631323134653534373337653334306237363765333035303535373434633634366164
32323734633633303661373538626464333139326464356139303662393063373736326663653239
64353834313661643530373666633236333665386364643761663033333238646338613436303363
62373937386231316334616664323664613037373863326632333765646335323135363138353134
34623765376163386237386337373363316630626165346632633833333464323562386335626666
63396464613238626638396165353039363033396135663365353866383464316465653133313539
31346539326164313633326439353566376163333963343661333862343239346233396238383935
33623162393130633961376262653230393234363738376636663938333131333636646666666639
65353964303337393761626437363435653935633661383061353636653836306532643061663431
31653731646437393365643464633135373130663164613639393261653537383465323832353033
31323731343032313134333730323039636461633838636238623031363462613036633464366336
61346163653965636264623061343637623632343130343466323832363061323964616132633635
62396663643537343937393164306633636265363634323430306663366538386166643061313032
63396632643662646564646130313537653938623332663536663636626263383931316664356531
33333339636639663337356663633235636564306139333537643265373362643664646236653035
37363236373537333365366537613230613531376364346362313866623638323536343039653835
34313166333337373230353130316239353238626635653863303761366335623561303332613937
61313430373964376337363832653337633065333534376165346230333233396661306265353933
33316530633232346639656336376436346233363435386563326362386133333131396465333830
34383534633037613963346637343963643466346530653966613234363233313732666434653261
35346437303830666533386231363637366335306535353134393361306135363830383434613632
36323636643933363632666662323432333964313338316138386465373731373638346533366131
63346666373163306135303430323832356436323931633832363565343637326265613462613237
65613534383766656230336137626334346533346530323934396239313361366535396639633336
63333633386465663830623662353432306439363237343637656364393633336661646437326637
37343562356631633163326332666231666561366566356138616637343362653263306333393431
65383539626633343933613435393464653465663434353964343563376438666632393431653865
37393161386634663363316334353366353961343930303535303665633465326534366630616134
66376432633136373261636436653334653330616461626439336637363530303134313163623031
31333038653539376433393236643363656431366661393835353464653934373335396564333230
36306436646336623734656463353066313565633432663534356533303934666266333666306665
66363633663334353462353638343661376137333165643263333061306332653432346632663662
62353730636637353535363630323533373861383862356638353537663164623163656334393365
38626339666334633463363262666535373739373832373135343661613735366338306362343139
32646633313432626164393930666134623664303463326662313962396236383339353435633938
66646137353232353361393836373165396636643061366539366433626663363237306131356464
33613038303537383539633133363364356161633936626365316334663134663731333362376661
32613535656133336331356638303732653033393833326637356262666337653466353961373562
30666336303132323235356461313835316532353433313862336465316263336631663333653731
34303162396238396235653562303266393837373639366535366330333834396334656432396265
66656666313839373438653332623664363436636130663834363531643637353264356534656231
61646630613163333564653639323035623762353930303935333032356638313238613165383062
32373432373034343634316635353963353563333964336438383934353363616666393766373730
63383930656332653466326164656130313931666663363530306466356336373161356538353962
65386436353365646162353863323561363439666263313635636230633435643735333130303430
63316533366334356637633636356536393538343533373634366137306637386365333431316435
36636133313239333435373363303438346133656563623339323961373563633062396366626239
36396134303831373733316364636265613931386530646564336636336530383162383366363536
62303864306633643138633734303338363130373365313763363834393836343565306438396633
61326566333639396464656461383239336336326465633762333861626236316538336264383065
63303763653330396662323834646138383165666432323438336364396331366332643232656139
30326130333465376566333161366334613033353031666434326465363363393737653665656661
37636230666333323030303437316137323631323231393034393637613336306336653733303030
32663236636166326461646530326532333832333961393034313736313238636434373431383231
33343530333836333662643137356639313036613433393132376231373862633936623864346264
34636636646339313166316239306337633135393462313437303561313236383665366430393635
38356530656536326466353037383562306438353238366463363839396138656330336136356266
39613932363161643936653637396666373534326437333766633335313463643235303233356331
37313565346363336635336636303836316130663936663237303337666637303635353063663335
38643564336637333364376532303835653764626361313464613036643237386131666265363830
32663537353633653130346364356631366438343330313736313236323766343235363438333331
35666461383363383730623739613361313966613335666338363064343662326439653130386531
32613733306361393536346331343338303139616231393837303338363162353731346330613664
33386431616231383462363136383831323931616531383532326664623562393234653363666362
61353763343030396435373736393864646535653436356163616137396139323838386130373865
66383763656361396333653433363235663561343562343039626435383962313738336265343239
34313761653534656534396435663538393765366235323261613566396466643665373138313839
31396563646666633366353861353638343438346634353065363361393665656130333534353733
36653135643531353763303864323133323635636132333530366663383564363465353832333564
35346532366439303638383163613830393331623339303532333937323036613266626636613662
37643766313133366533633538643739306363643931316365306130316165303361636336636463
30323235303532313538376561386232343030343630333732396433316162383438336337356265
64626437356165343861626231333461656534636333313533633139366639623033336232613132
34623263383433326561306131366131383836393038653635343765393965313564373333643433
37646231643434333136313962336538336236326230356630363262316333616661646639313538
34366632336537386131306466663235643831373166323330323337343234346635366339333537
39323434393839633835643831633036616534313334643062336230373530363764653036613135
39663263623735663533336237636530373831383138373031313463316430393463626639343466
38303737646330363139633261346261383265393662316230353230363331323766656234386238
63666135393934323263393365353266306639643437343136666435343163323336383533376564
30326530353538363435613230643835396434626530323738316631636633346639393732313866
65666432636463633634633365353339323139346532383631323463393964663739666236383137
36313836666162623131613133353030343366626164313336633036353537376138366639666261
36306634306166333739626466356364373936333238333262313930373764333031343437626134
63383366346235646661376364386339366666623633356530633363366237613134363936656236
33346238346437383439666338373339353561623262346531306661306362386365366131633961
37653935346461663731323234346238656131336438616234306230323034386462373862366164
32363439333130643761373532623933376431633937633436323664616361613261633034613731
33333233393333383833356665613666656535653364653331383637316231643564623032326532
63343334643665346537303935396133616638383435336137313833646338383535633934616465
65303639396231633330303130613233356663393165313530363766663131656430313238346530
3662666138666261343034326137353964356538373266646133
