$ANSIBLE_VAULT;1.1;AES256
66646466363234353336333361306261653531636664343562663938373964343661366635303733
3565666336616662663738366632376235613935383965660a326333306163323766393938303965
30393063373337333861353864383962623464353237376562656331383066313162626635646533
3065643536396261310a653733396463326561306262346137343330633932316232373964636136
31386137616565643264396566373035326231373030336637356661653262643763343135653263
34383166366338393361353834636464323562306134623366313232336466373239333965333536
65356466633566393730323765326662303630323532396639326232653463393233366338333061
34326361366238383932336639636161373430613533373533373738396464363263616466363339
38303862393630616236656165656665656433623933366134336639393362613936313666396139
39393664316261623330346363666265616433633063646563313234353864336365383062366165
30356336616135656535633436646365646465313638316533313466333633313864316334623664
33646233646361613162303138656537383331323633376531343362653737303839643734306165
65326633343634376333663634333666396536646338616561323666303563353365626433346637
63356132633332393633366137643439343238653330613532303962373666373231333433386239
38333830343762316632326137613138626538643535396266623632643366363637313139396263
35616131316166393761336464306236306364333738376336636637653964633233336239663264
64383935313466303066316536353035326236323839353534333338616163643361643163346634
63366266343232313461663335336162386530666436383634613034383663623834303238373966
34643064313837303938653865356265376233656564333436613333626462326530653365613762
66303563366139633631383431623332366661643263646264643264346630343530373665366638
32346339363339623465653834313132393631643933323739376463653862333564313231306161
38396538326535383631656161646232353635643964363939626638393336353166386131316362
35613335653230643436393034303530323564353265396563343439303762333734633734313066
62316566313433373333323636643365313239376365316162366132343432616635343262323466
35346635316365346237643636303433663361303938343765353165653765313132643238666631
66323831363034303866396232333133343362306661336439623066623566626432323331333638
66653561373862353937323439303830643061653839386165356566316663303066343966353761
36393336313632326539373630646331346438626165633461306135633636633361303838363130
65313136323132616565643232303539656264326166613862343939323366346439663634303463
36316462666132366331653331636332353166346132623763666533373034386630653962343834
35626132373061326166376262363935346365373164396435626463373936306231393161313632
65633439353465326261363834626364343566316331643634383139356564376237613938363937
63373433383064356562366535336132373765313138333334396431623630636365623833366364
39313331666461363164363462313430313338363139366430383036393166646339383332613739
66643962306331666563663936323436303337363866663363363966666132383363353364386461
39663461656563656330366165326533363338326433653639643836623365333333323531613437
34373366626332663166343038333237383830666135626461383834633161353563363063383862
31643737393631626165306135663436373138373862616433666637343631633662616564653937
39356262666636316639306661383033626235353938303634663765613632363538616332303366
62643435643437303663623035323062393932376635353339613064653866323963383039343034
36393464656431656666353766353038323261356639373338396333333666613631366439373336
34383666633938666266383939633065636665353539313062343863373233643631646364396363
35333061346537333738383634653564386266663034353133633138313463653163383533353762
31396164383633356436303432346237336662663633336366396230643830383035316263636565
61353037393337333531643463303435656536636638623832396632363736313234353831363130
33656331306438323763376330303461663261646532353432343762666636613466383933646534
63666431363637323361663130386231343739333335363131376666393531623861396361393037
39633732613132636262396232656539306262616536386664623938386433313663646533316334
39356335666630656531393063303561363534643762356333303033623732363662376134363736
63643430373837383962303962366163636233306235386565383435663532623736396134633362
30653063353434363636626234613965356631656663663739376663363237613732303965373834
31323439623934613863323065366636333631306237343061613037633736626464663566633066
39343931643435303661366133303962656239353534316132663033313639333631386231306534
32396430646362313038666566306366643763373065306264313533653564323834353762653635
38616665323034633665623332353265313535646565643633633632666232636332363934663733
32613863313636396363633564333230633235393463343230303233373931623330393939633565
64666438653364666432633433346265363865663436646238663763623462343162313331306532
38663933656164373033653335303865396265643230336638306235376333373863623535306162
63323962653638353930393062346232633339376333363635303435373639346231363266613865
64333061353638396239633061646138643633303961663763383031383464626265623333323861
36333131363637623535353835643836613766306666323937353136333537633232633836356265
33393536373638373266343030373261343835363837643863616339326136353133323230366539
62383061663934633130353138626261353164626665363539616436333339363333643866303464
34366536626565626332636562663735386235663565363033356135323965396533363664316662
36376134323833346665366637623766326137656437663339336535326162666538306164653033
65346366336664636163353062613862346433633539623565393764306133333064343161343234
33613835633161383434646531343936313661306663663763633931373637653738386465376639
35376330313038383337656234343238623439376635616537346239656430363132376337393935
63373433666632346433383639623735393730396532373238636265383165663161376531616362
64653162346163343364613530636631346262653533643234383836393666623762366234383562
30363639333061666564373736396432663663353039373766343636653438666165653231313536
33336636323832643637343539346438633966396439643766643335336262353635623336303736
30393937396331353565376366633566396531643432303738613762653834623132653665383536
31636332366536616334363061656437646537343762396133396639376334333138656233366266
66636463626262383965356236623262303364356362383039306134316631306262616435393433
64333262313265616534633233333534663131376238363661336334313263393464636537313033
64373861636364323333356265306165366561663965653961323864656633353662623431623066
36313733656334616438366566323035396464383264646433313430333031653465643833356261
62616465623139313534633531656332333030313838346431326631663834643037666562303739
32393733316335363938646332363461383932353163316363316664383733343363373165343036
66626661303335336134343865306435303064663737626534656165643030323161333066303930
32383435383566323864343361313138313136626366363632346135326439326161316465386562
35333065663538323537313938313166373939313135353862643239626462333636626330383066
30386439306431633738353565613939626433623331313635613762626334623936316662306138
30303133393139303738653535306162666237626466303032656531373161663331343165633035
65613939633664613366373737623331393861646638366639373865353565333837303361633836
34656661356664326436366630343262396536323935333531393939633636323433636261316532
63636330313663643037306233343563333130633632353361636531323532396264653336313133
35633838646661373566373865636166313239373931633566626337323435336235313863333462
30616537653137393564316463393630336464656365393838633461666534313237343030666132
35633866306339646333626232386464373632646261316636336463363033306230336565663162
31636539393133333430313166373130333833366138643131623437623736363034633963316436
35613639633365353562336663623966663532356264373566356266336439656338653634306533
32373633386330643935666164613836353730653339326638666333633966633866323039316434
34626561343336656165393430653438313636613264383533643733633861643339666633633333
34393264656662393530373134386339303039353335366166373363306566323666363862363162
30373531323561306438343739646262363637353330313462383462313131363262343562343236
37383462363164663539366563336136343731646131616530303463333163303630366166633131
38323461656536633533353236353439363838633665303831303732373866636133303136376138
61376135346362356431623364326562643632383434383866656261633430633939663162323864
38393037343136306364346262353763663934306264316331643666663735363835373630316431
34653264666530346335393830323636656366376438356534386566363865626338323331663762
31336231613932623731353736646231623232376266383332333534366239356339363232353137
65626632323230356435393432363961643236323762316264393434353838316333636366663435
30386331366337663137623339356435346665346366663938333432323437316461333135396364
32386163393633356465623165636239366664393061316565623464323665373433393135363330
39353561306439653230623338386531386535396136333233363965343533393231663930666137
64663633653835376466303433326539373434663364356561363866636563316339373335653361
31326465623531366462323439326632616562623266383739303033383666316664656637343533
66366334323438313834613138336534373839343431643534613432663963323564656166383363
64373638633865316433336330366265353734353938386163346337333630343938333961633037
61336136393733653430313135363231336135373066313261323237353236353035313438366233
38636363316264306330656564363531373136366262333762663331303666366265383539333632
39613963663536383531363737346639376361303266376165306634326365636438663863343565
65666162303838626464653834366164613233303230303437613733623032636230333134643766
66623863383836626534663964353939316139373664646637366338663932616239616337623261
32316431303431663138613766633162306530653431616464363730363032353734373933376531
36346331336334393337633061646339626463363664396562613338376464353132383335393264
35353563623962616134643363343663633730353166633635653139383232373665306539616463
66333165373461623931633635666664623833336331633738396534626461613736616632326535
66613034393564316262306165393438613766353132323463643761666231353337653439336133
64333639306133346363643163316236363331323265656533626665666566623532333063366235
35323539663565313230393565623562323335333665393261386435306437356465376338656566
30653838366430356134323865626261313738626566303464386132336461333466373461623334
63656362303736313361343863366437393232346362396537623038343532373765663664646465
32353432663531646633396264383831616634353535323337313631613364353037326666313165
61383334343532356562643962326534646330616265373966386663333562393531366366383633
63313539386361326538376138646664373539303932653466666663663734333565626538623531
32666334663930356366316636633666343335373833663830646539336464666330356437336464
39353830363339643161633763343036356535356562623135623331356231613066613766626133
66373239366436663337656163313333333737303363353737326439666635366433666262653964
31633964306362336333663837353964386338636436376265616438643661373264313438343966
34616433303363353332633561633131666335613932376137313265353337303435666137636437
36636437366264333534353466366231316266623139633332613062303133656163613032343937
38386638626437613933623961653464623266386435623732373063383335313130643734303234
35376339363130303037313664666637363230343433316230616236313037646139646365316231
36383366643939303134346434313234336563353634303735366430623262343337313863663530
66623163383630363166356265366237396334656536343563386139623332373138656432343635
64373537666164323233333635623333643761626233336534313638353462353565356262343363
62636562343030633634643831306539623665636336643464623735346439393932376666616131
37666365346436356264613361643831636534353437336331386264653134653264336231383662
34616335323536653265653934323166313331643434656539323038343539663262303139376564
34383835383836343938366435633061356663613430663334376133633564656632356132636537
34366434373733333134303663333038643065623631356437386332326635633233323737383335
61363864366261653261376130643133333662303933393036636135623130323830376663366535
64653662376362346463626661663538663038633434313134346336636333633832393039386664
36633533666531633735653332653939313332333062336462633437663632646466346332363837
66623965653961646564316162396363363638396363616637326436633732393834353462346432
39363830653333653133363239623866346639326566346165353335336261643662336639643838
35623865646335313735333039363036306234336233363761656433336231313237316130666462
65336432373430623861336131646433333364343439363861633834643461326439616662326238
64653632336634366537613732303465303134343338386266373864316533633137316537363637
37396463656237663365303733643962336336306662356636346535393134623235303032653232
37363434376164623332353766623133373365333461636433396230333332333234323061376562
32623961313365643965666465666162343832376163663735633438636465653863663231356262
63383563616231333232366133656236343235306134636163306664393734323437646138653531
64363065383635316564306537313331646231383438316431656165633165613639633366646433
62353131373262333536646562653837336434306364666233633634306362383262373536383034
33376563303662613465323762346537653538353334313233396330366336663838653365373663
39383838623730653339653865633133626433663432363039663734326362653631373562376461
31333464326430616438623965616463376436656432363835383736353564613834303736626431
62363862373062356666653266366438333736323766643736393032643466313036626633643239
34636330393839653963396165633061313636343165386434363636323733353863366333333732
31616561666337616130633934633132616438363961333566663932363833616563663134346637
63363033373238393461633438393234653565633331303033626637616536323734396535323335
37366464636332613134626339316337343935393339656261396261636136333164313539656138
36313832323236383535373262663731393631613061376137663566323363363462363430393238
35333534336135623734646430643634373137326134343938623963323032633637393861333064
38323665613762343436636531653663306463633736376161303236333164363431393765643038
64363265383434343136303465373561323738376565663564333361363230633033633036313835
63373330353932663935663336386230393066343766356465303664356139333961326330626535
31306537356438306563396431353661653761663330313032663763316536353531333033353738
37386231363631633164396138353265323837623936623431353131346565666238646661626431
65313836623239656231373232656535316132663561303536613966386163373133666137373530
36643638663633346237643536646464643533663263366439653739313365316638613266353566
33653535653537666661653834363038356662646165313731633530386438313666333264653032
62336133313130376162616434336666656637396431656164393637346565343736366437383134
32656362363432393530623132383131393838373161666539353033373961303138663061623431
37623666356337356532643031306230666661336363356535343363373463356230646535636237
39383439376333383866343163623030626236663862333336396133336638366330613833373361
61333165373731646436633939383930363636643463303233656462636133623335383062326238
32623131636135646336396136353539636636353462666365613961336539336139356134383039
36353631363438333233323838366461393235343536613535666362366531343630636337343262
30333933646266333839373337636338656337623162396133643237653261333238613032663861
66376136386166326530613436653066386337366335343134353165316365303431313964393932
31633939383937346466366438313534623164376636363065306132383365336537366639623638
34343039656465653135376338396533353834333434643137613562613961643565373964343830
30653864313430633930303734336337633861393963313132333634613537646334313438663735
61383236353237326163643462653266383930656338353333626163613834306263393361623434
61303164613932616664366165336139613039383536393837383732366566386131353331363462
35353033613037643836653565646439393630613761303233666334383731326262376161376162
64333764363765316464316639623766643464316665613236373661323734383436636134366630
37386632636231656435306137333837363363333437343638613936313939663033343134383931
35366263663539333537383865663237613461313138333038316634376631666238346333616431
63303330353436393534303737623135646132613730306366386534376565316530373235396436
33633833313834636237663733613830336333303436366230633630623264376262326136316462
36643439386361326337373537393139346265646338333836346265616233383739333862343132
65343735393065613663316461653137396133383233656234376665306532363838363461373763
64336566663166613630656632353633643063346630396139336564396436366364316432653566
62623266353761326462666631623338346638313961383962393238633532343564666564383230
34313762663831306331373539653934646465616361663639386630666630336434616439353735
63336264663631343135333062353834326162356236643565613038313362353866323833393936
33363532343334613737313961303666643630343934343562303331373664363436353162373766
34633738366365373831306366643435386637393931356534306335373237616562356562623137
63643339616332383761333432346432653230376633326632316162623465393165396363353133
38303630623935623063333736633063646436343833653035663265643539323839353361336135
36306234663265666134613431633963623032313030643861373235353231643039393837343634
35326463336130346439383430366434636330383939613935623035353262656262386464666531
64383662323739383636643561633332646363323163333034343832623562636434353338373537
61373132336239643638633039643733663663663533393961386366323836626238636362316438
39636531623234353161323932373963313035323332353431363335383863303662656563306663
61316631343931363533306539343338663535373664613432323262353161613737653966613038
30366562386633373237363863313531316530373837356136313138326135643863663739373862
63636233636639386537663934666264633961666638653236343533346230346335643365396138
36386561643965326231343434663666306232623434656239666536396361363130613732613363
62623033626430666261356466376631633938303839636233396138303561626532343031666439
32396663613663353836356663636438613464646233366466646462363636363065353032386332
35626233343536393633666364346132653563646139333739323330343663376463346566646338
65356531393165373962386637353266356466346261376337653938366164386634366162333661
39623837366161333835653433376164366338336437303232666339663165353165343939333539
62366233393333326637363935633364336536643236353365373636616436363631643238666230
38343565633130363861386361373863363732316438313732396236306539636665356530633464
37613831623262303966663537363766386562656362666337633864313733356238636439656362
66363965363234346564343932383631656664616638313163636536346137626138353064383861
33303165353436613862656165663430333436663566623563383538386231306231366432336139
31383731363538633234643162333762393964636333366136326334353235326132303937363766
63373232396231336366306134656566393134383066303037323031653538666330303331353164
37323738646137303238356366643462326234343666366566663736396231323566646166653438
39363830353266323939343366336333363836633838303733383535656535323833383939366262
65313930633331393664633661643839666130623631373137326431663666646366336631666339
62663466636239336164303239386461336134383132656435386562343931373138356332356434
63663138346537616530356336306663343433663664316534386435633038306130333033383033
64373434643237646264373138656563316561346266646230386538393865333062623731636437
39323031353963346534353832306331356563386330363961383131353131313831613738373737
33393438333262306137346330656637653666366565333033386632613134613264313363356662
39613934633033343266653330613939343561626338383633376363636664626335653265306431
35633038353333316366633765656132386362373937396330326531326336316566313030623764
34373930316361616631333032643562653064386661313738386533663231633263363336626166
39616134313930613235663261363632353339653830663138646165613333313161356666376232
61343564623633613761313137376363663765643265313837396164323837356531653839356134
32376439373338663538643264313663333063613164633464336138366666336365643265396165
62313336383936373163336232376437663866316630303864333439323232373430323264663063
33366134303138633661613339663530656437343639373262306437663331373239626633613931
35396138353466613035653361396265366464376561343630323963303462393530326538613232
34643736353462663534626362353435643534323566393835663438613331343039346139323165
36346661326163343664323662353336633562636536306235323835313832346464636533343139
65326333333263646637346136383462363436316264346336636535656330323738336430653935
65383338303637663363616262353766313230626262326330353630616635646139346266626538
35333238336434383362396531636332666234646139616334353138343863616231653837353566
32653632636563313064623933613665656537363332653937383034643333306137653862613339
33303336336638313032336164303461313565653331643036336230646364333436363934656263
32343438613737626632383266346432653635643261356433353964346665616434353764346364
37396462653533666637303331356532366566656238333933653036356237626138653662666666
30326361613338653865353830633738303465636333613161303131613066623336336562323930
65313262643834386338383731333532343166303135333463623366336461333535636239336537
34666631396637643834376634343430363430316464313262613464616631613637366238626539
32326338306238663035623635376233336430323064643931323634663033376266323164656662
35393037623663656539386637633034663037633537303934323635336262663465626431393765
30646539343964343761623366613335313462333832653637366162656236303663653939656363
34366464323261333865613937316562383036633463326431616130343661393065386131393661
30313566363438363434376530323230336265643336656434346535633362626366633666656437
31333364363932373462376139393434346539363031346234336366623139343363653630363636
36636233643233623339303964643532646231623363316261393663383762396263633963313232
34656438336366383366633830303666383134363932353736646334656363626532313366666239
33306235313733393062626632613164653164306339353239666463386339363466326433613737
61353639623039386131333963353034316131613438626331643933383839343532383438613233
66303532666632323562643439336365376333633630313939373161646138353635623833346561
38376531623634663632613365383061333137613035613163306464383964373231656431666138
39326433376137323166316638623136666465636632626232306632656337636364303361316333
30386362383364313363663664383730376537383663636233343936343839346363356435663366
35643434663033313130663330386634373763663663343638666365393165633532303135656138
37333064666633363665346330333661633837303761383066393637346139643362633461343836
39333865616463633464383562363865613236323134646338393163343036313031313136616633
33376535343536616639313835343335653938613236376633366562376532656534316666616265
61323333623566333763626466396265633830386630363038383263643333633330333764356435
64343137663634343530353730323766343763373235366537353035663432326138303161616361
37316332303531643930646538396134336561386134323435633062343837663638333235336539
34626661323661396165366261333165303863326132336434343235386638336433393437343065
35333365373439623461623964613330313838616233323565333566643235373539316231313931
35393937366639326539313830313464613136393832306135343466303732306536343133343462
32383037643935353937343339633361653735666462333337313865633437663735353432653132
65373564353732643034343039363332636333306562623431636237363033646231663435636539
64323438316261393039393665653566336332303533333839656534626435343933356333653561
63623163373030363438323030393363616638343838663339333433386265373934396532396465
39643633356536333565636131613735346464393239633063636666626565663436306361383231
35373865653861643930653132363530323863366133343336363536613764623239623166376633
62323830663934333936393262393730633238643134306335353936396639316163656435363339
39323437666334373330653466356234366537646464613933623662356235613037366633663331
34613035376335346264343234343365366530306131366431636239643334353964623065393631
37363037333538663436323930376132643864303535336564636461353037366332306566363337
62376163613962623162373739613337646663653533623335323863303264373136343936623035
63393265303935633831383361333833383362353331316231353037643434666562373663323762
33383738666466386437396530363262656664346436313337373932353632663635343139663631
63643534303237613263313935643133303363633834653065623462626134636438386331633739
32303366393365343433323164656331616233646262383736373136393930363636383961663633
37613831656663336634306535393236353735373332303166633863623866333237656536623366
37386232313537663335323366383665663833386439376562356466343165656637663566376339
33303634643433373635313938373133383462303233366534393730646261363063356132316566
31393035633464366639343435613037373837633532343439323935353236623738386163613934
62643238336438613935376566313737653963656335396434653364613035623830396565316437
66346132656539393163646563666262643833353766666233376336383834613531383662613935
65326139653936363234313765326434326531396262616436663233363637643964626634353734
32326432393064353534643334643536316434666139313833313431386139353065643165353661
62356331333937373166646337323863383433636531653361386634363066666230383537313862
61343664323231663932626261643964356135663263653536343730373430653563303838653762
39626432646662383464336335333930653335343830623831313539643439643036323766666534
61616462323735623962633937313337356437383164353361663263373436383639646535636463
36343161353561663932326136646364343136373038343237393730363562663665656236663966
63366264373064666462363663346165346661343235386362353761336238636130346133626666
64663937323934613435666665636561623363373466643435336633313161303130366465643962
62343931653366343031633838336432386664343566306634326232346665313833636338323261
31346234303333636463346362666363326565353534386633373533323038396337633930393764
35383838333530633737653534323734333861373363333032323132313235616261616430636530
30353435386337373965623434373466366136353932616562613337643138666630633262623366
38316265666361643965613739313532393431353761356533643565316664396463383466626130
33303631613065656462363035363965353466336136313937313562373734646539653664383535
33333537316430383266306266623363633834653031626366353462336636383561353130643634
62343061366634396430666539366564373362393831316433336566333964363164613763363439
36343035333065636635366363313130343066373933616165633530663133356232326130306638
37623265626161646365376563613733326436613830393462316562386364383834636434356466
66316538373230653364336136336431383066306264323361613730386435303662666362326165
62323832383762303230303733303732656365636363396262396237396330346334313663366666
62393837343035626536333632356161393230343861343566623738623261316266663739396164
36363432316365363437326537653566383763616633653333303563313837393934363063663266
35333233626137323965666135666233643039643930663836383731386466656236396532393334
34373230633261653161393335663562313863643465636539663963316565376263336432373036
35373562373161323231313935646433303738393866656564613038366666346638663934636334
64306136343833303531653530333130623936386233336637626131633539316464363161306262
31646436313162323635396137363362303062386233356438623866346637386666306339643639
36363465346337623231623765343538323130303163623430626161316462616262323537356632
38663531653635323565393830343930643231363031373661653033643836373963633230363734
39386435333661363836653138643862646438623864383034396264313638383462633435323034
34316533633563613234393566633765396465613163663464613063393666363139376264326130
62343934306561623363323635373366636430653561623165313364346561333335373966393131
32646161626230396433393232656463313333393130393266316234653865386663383964353832
37353866666461633865623135663062396532626437383434373061393732626161316333393266
65646565393230626539333434646334306233613433613966346566626466373230363133656335
30663938376163373163393839316136663366666335316138333631653039396566616137663463
63613434626335363865306335333266653238306231656136316662336534623262343230373139
31383536623534363764383431393434306334393333346531623137613430616233643835333130
36663564626339666665303730663835343464643366643463613139333331633238316464626638
37613830383766373433306661326462343834643466616265366232393332646562306363373866
38356530343239333734393161316535373937343431636231653766363233373536613930393133
33643637656439613263313734306434633864656461363632663261393831353931663439313838
66613366346139663866376433666235616638333663643337373636633665616165393666383665
66623230623530623339373433373632373733383731376232643938663636316533303365336638
34343130353762626132653539383330666133623334323435633764316333376334353738646137
34613539363238376265373337663231303630383633666561393134336433623464363461383863
39646661633933363763313063616330376362396437346135393766373964346233343930663736
61363035356564616262383464626633343535626130386136343662626164393532303537376439
37663061316532366361633065366434323565343330373532366339623264623033333262396464
34383433623036383933646566386439623833316633323033346566363363353333303864386539
61666466323334333666646663323766383132666539356266646339363961663032393436383532
39396133663736383835646233663736376337616666663834303131346266383531323634396264
36323361313935633733353738366261346430336661313364633962316538353562323332656135
62336538653566333637363833386530346230633764393363366339313231663137346665306432
35343665333731396437363830303066336532653533663064623930343061663039656234633133
62386136356263653435336534636634646637326537386463643937343738376162366436613365
37636536633939393235633164336538646439333537643530616239303661383663366131613663
33663632313466326238353032316436393536636534323865356635626330653963376132393566
38623135393039393964353736366662303663653433313736316161306464323334653562343161
61666436633366306334616263376562326634363764386534343430326561633161306135323137
39336531313933356162366233663463333936633363623830343939656232613434303764613561
37373130653031333438626135623838336438323762663036633432656537636139393261323233
39323631663761643036393036666134323062326362323365306632363439393065333436636436
35333465393533616630623835396233343636666264643665383539643537383536643136626533
64376331623839333835373737613261383466643462333939363430633838636532363263663931
39376164336432633633396538323962373530653665343165653632623063386466356333343335
30313733316632613565323664386261366537356466623864396334653638656463383837346639
34623763373032616337663265386439636336313364343338343832343431633530653832643561
31356239623965326134623232616361393837613630643634323031393130663266306231323661
36303061383531346631363263353932306664306364613435313939646238313963373365663036
37616437636163653462393536386532393530363532313536323562346462383838373530636530
31323032393033613736336230376637643833326232343766353835623634373530376135653766
64373265373134663332643631353839383035626566386665376234383236376135303438633932
36363064356636346333636234366230656265353362356535666332343433376539393234366563
38346338396665646138643864393964613236366530386138373430363565613637653332343033
31363861373863356434383831393839373637373238393532316232656439653062623233643232
62623533646636316232643831323439323230303664333832653931366134656339326663623066
38343365326161333464396365643434373934393865366662636632623632336363373865356564
63313134306266376130326536333130323530623562376666643938623961393365346162623735
34393866316434663534636262343163663965666664313032343138343934616465326535663636
33613635353538316330643434666662376435333666393532373863653366633038396431343266
34396432613631343365333932653533656666626165623466656530353461353762366234303464
32613561393439336464633466353564343362633639633334346463653562633265396266333234
38653061663430323964346230323663373163623232653534653930636265633838663838613839
32353739303435666266306365633865383737653631656562613037656632363932653836616135
36636563316233383137666336313630313261316631613462653430353365396565386238323261
33653039386466356235363634366334333865333937333731353862353738376132306462373637
65633630643132306264336335633664326534663831653539633137626536343536376438313936
36363364353534643039363366326662623266383064623734396638366435356235653539306364
37313064623262303733653033366266656532666365336432366238393330663136393533313165
31663730656663303637626435303637396234623763306336396338663565343738656438643331
38653330333538356331663437646265373731333031363733643334383535306164313632313164
38663539356534336336346466326266363439383061366638316532383034383165346335383062
33663366363761303736633331636264393865303838613033373066323662616231373265333731
64393037333935623537626164616138616335616535396233326636373666336230306362393163
37396231306463323730343939636639656635616465336330663433353061643439373163303161
66373030373030613530643231363164303864353361633734323863323939663963643465323835
30643965366534343139383436313232333864613932633333326662393063363234303063653265
66393534333062663231383837626264383639643732306164346539623239323565373431326236
32383039353763633265363438333631636235636639313830396133383635333735363831643336
34646432653437363361636662323262306633353434653531373866333931303065363361616262
64333761613637393965336434353238333935636636353232633233373134373137376661326234
65633362623037366537373861373262313063653936343639396235336333666235343338393930
62353836633734346163633361623362643063353661363462363663633262343332343235373631
31613862363266363065396665623266626365313466646462663833623939666135323731663663
34623566383239313464343538363865366361316631343063313138666435323531366562326264
64396662363563633062333034633865363534626535653461653336363639326166643738633238
63363337643664326662666536636232346233343066373835666466613534306536373633623033
66366534653235373332303030393035353236373966373738373361653161393535343635303765
31636461346339356330666130323038316364656238643134353363666231613861633031306136
34643864376630386630663033613536626566626230636462323138616334323762333731663166
32363439636661366634633066323964353438393336343031656136616530383732373965616130
37323534383938656639343433636433393738333634393138353065363462653032633733313261
30336139633065633238306535633761393134343035333061656565336637646437393133656138
36386433353432323063383266653334393235323633646538303062383262646261346538343036
30663064393637313539326639373631663365303339633638323931333965383630343761393862
64336661623237353931333061613364623438653661343266646266383830616264643934653532
61666161303736343934393136383832313765353064383430366466303864393238383833313232
64316162393235643732653138663133346338633636653130333161303465343661363931326431
30306163343335363534366265396338316436373163386662383034643539303231633966356135
32376331336364303465323361326435616137656637373935316339323631366136306565326132
64316532336132326163313464616665313961333865663031363463646433623534653961636233
62393162393466343631633137646634373134616231306434313433636132336333396264383632
66353136383861663933656633643465333031656137313733333033303661663131646663326433
35613461346132316364636435633165326631313466303135653665396535373266656132663731
35663838343630646466613935653836363365643939313361333136646637316238643765393964
31636438373637373736633563396433626230383763316561383739343137373562633031656365
36636434643565666165616166366636643166336261663166316139346335333664613566383863
66323863303266323233333832333638376665623037646539643031353138643932316136353133
65616363633763386562333762393739363839653231633564303865663632303030356334333466
61363137326230656334346633313664333637613436393239646465653432303061373137383432
36316234646562393138633233316262646462383839303735626362336233323838373963303562
36663862653133393238663030336630306364626464396366333763383364623134663335333431
61623463333536623232336539306334356431363362663164323735383238636231393937323136
37393261623530316439303731316563643664366335383230366432626239646363373233376532
39336530316465666533663965306263626565666631386233333762333835616665663661343838
62303739636239363037383938666431386462333435643864343237356339353735636339626466
39326165373562663437386337303735633731653330363432626636616138626665646363323832
34633438336531626534353133613639343861646338373763323538633139383332376432376135
39363566613662303337373036663966346633333033353532333835363263623633366365366239
66633465653131626563343531623463313138363635346439333430396438613639623133306333
38616561623761646632333433656530366434656230386637366533666666633664356636613438
66363932363262653264613737353162386336613138376465663632353261643463653063316631
39656136383732656562663362653831336263393131303035306637343161386139306261373737
61346633623266663033376334323530393931666263356165313631646130643732373639316464
64336164666162613266366437666538366464383331656631633964653535386434356637663630
64303163663033363138303966373437623364633734363266333663616462646261316262373136
35626466343965656139313265636164353664613837323363616237393039326434626135333931
66373036663137646531613139313666633436653331393235373939636338373133366133356262
39613061396434326132393137373530656236383439663230666233326431616462643564396230
32303634323462353464636264643537356666333935326337356233323737623734363039333930
39366631663233653533366332303432323064333635633837663465333162396538333334653863
33636633643764336361613137383334643231376563303034663461613134373736653664643737
36306265366363393733643037333666613635393061626435663239313961373263396163363064
62613064313539633439323938653036306263346566633531663065303362363433383061663863
32363462313334373730623738646535666439303236643733663633363637393139383334656637
64376163613033386664393237656234343430613061626266353830333335636637356234643261
38323632393363313030373161306536656435323765643032353635393838356266653165663764
62373535323738333532333661373837623461386539613065373661376665353531663030636130
36323665306665323338656162333938613134633236313461386536353032366266323863643930
30346634633935643035393438323134396639313663326661393837643035303565356539393562
62373238306238396636353438373633613466313565353635623334356364643863313330643366
30313262616464613439366636623339383636336138663139356131633839353339313334353965
31363430643265383736616533616434326262393866346236313763626264383739653864303530
30626633383836316664653864626136343135656134646437373938343830323864623338616561
63633366306132326130316530333363663534623236666465616631663266333333333230336135
31623063326236376566383162653839666236643130666437656263316363356132623637666363
32633731376635636664353364313136626562383732616431386139393761343866643733333736
65643532636265373362346165326134643764663663613432663366623765393539626261316662
64633962643330666530643865616531643365643164363236383933613636373464353238376539
36663430363533393538363733393430326666626430386165393538373336636534633966376138
37616166303538343732326234356364303932363564333139643835306562316361306263333764
38633531343736653734343533333834303935643034616430616435356465326637386137363833
61313736303333366666326233343530346637373936383437376433303638313232626162663564
30333035626363653434333865666462366334346432343862656462616530643066653465623861
32323466353364646663333763616332643963376435613130363433313837353538636439383531
34366139383737356439323231383064653637333662343735623062373762303463613535313631
34396665393731346161393163326339616332343063636238326662393062623038633136616166
63313364313964646663636137346561373735346433626664343932386237643839303766386664
31656265653930333738613231646162383366386530333739646462346164303932353664386334
39616335353830343130366163323139353561396439373736623061653566353333393065623564
35326661373930613931633463643932343166363738616432373632303566626131313435666166
38346233623365366161363532343035373861613961613932386239346233386637343738663965
30626137616264303166396265303666626361343930653239353639613862643530333962656264
66386139373937376230356162373231353061336136646134633733353865343130333433366532
65313634326639653531643362373234623535313631336436356532343932613633643864373264
32626161353961376136306564316266336562643263636462653737326136613534346432393432
33383439326238646262663762306662633036356530363337666337656239333366653734636237
63623130353264393763333136366439666664303039313034643633646332633665323865306461
36656133396637656435366534346138663133636236633762383662393638363134646335643233
37346433613965656236636533666561613666616131633436386638313461653233623630306632
30306536623639626630636666303366616235373134666535643638306435326639323537643466
31386631363537303330393531633131396331393439343134303761653135373637326563316134
39326337393364393333383562356131356135613639343638626166356532306434613034316161
62333838363766383664303632343739646432653535303366386661336338353265333561613465
39306230633639393637666333646335393331623661656265366436353831353136353266363034
32356538333230323638643236633861626364653835346466346131366135373135363930396438
63316133633439353837353935303833343134633338363931316565323165623464356661376565
63386534303730376637663064623137373336373630306563643265653534336537666331633662
38323730376234383733313665376635613834346162326531643961346364363030636536353030
33326436336330316337333765623935333462633663633830336262363238353532333666343730
63613630356565353439653830306133656537666333323664646164653536393731313765653832
31653362616337623538313863616437646635663137346563336137343638323863666331313762
37623938326363356334636266303864363536333863613839643363663161393639623636623461
61656130366632366530356135656563633764633138373935396430336561313566653931353535
38656461636137633032353038613332643463656332646231323764663366393833323637366161
35656539643862353133666232353536313466373239316166363032623339616230623761383035
63313163636438383736316331306339666137303661373862643763313735333031386364643634
62346234623039353038323832643330636662666664643038346635303638393764656366623430
36363936383832396239653334333730656562643530646132646439613238623265343438323036
34656363616232396664306134636437333762643030623065376536383461643832316165373366
30633634386161343833343563623061336432333837333861656636623666666363613461643535
62666537346432333139333636353931326435383665386631326230343365303264633730306237
63386432396362383338613061306130303161656465383530633131353836313861636138353063
33633765373333323063313234393738356337386464656662666461376165636264633565303066
36366336306465613665383965386362396565386337613937396237663838653334383037613732
63366463336530386663643061666366323462623731633762303862653165346661393138333363
62313638626130396438326164613864373261653134313466613533393031633833653538366161
64306239303838363334316434373639363565343062333733633039666664346537376264616666
35363732373131366134306636366561386465323133653431346435633038653832663539633033
36313863663261393335623639653362393635393335366237623639306134396536646636646138
66333761383062303532346562343239313937393234373535383736323532633738303463383639
39306166613831363533616137616562383064323566313939396237326436336366386661646335
38623730653839343164623838383638636331336330343063363932313264663830656135313535
37653436393737316536346661623531626265386466353035386134643263666464666434303536
39363366393238653436376139373938316634666463376661313963373861306261623939316638
61336130336466343735386462626665636133353039376539663934333532656533333061666534
30663063363130356437393737666366303765646239653134376230306464306438363732663362
30333362333131633262383362333262363936613363393839623931653263646538393566323339
30343138613261306264376161646166653737663531346665363462316262663563616135363066
35373137346537363931656565313932646665343062383261313931366634643834343765353032
39313338353639373964653331323537613338323866626539363963376339616531303632613062
38366131313435356239313830313464393163333865366261343733313439326165613036623239
39383166336466343963333332356337356139326364393234636631356332393365383134343739
38333636386635376165616630386365396332636230386166623661363630636339316334333532
63353763613434386664316530393238336462306236373364393565303733336539303133313631
35643639666238663832393831613037383232633538653464313130383339616537616563633166
39303536333234396531313037636139356165376538646466353938323139353733363930653234
38653164663934313535316166336530303463323732376139313432313839646536356337386665
36393362316134393365376534633836653634316463356434346665366166643965623030363138
61326563393562666237396462376561653332626264616631636230366362373031333766363031
66356439616130316430343335336564653239626461396634663864363166646663643661656431
65383137356234393834306464616138326536613532386330303637643361636339646361613139
38376364306131336536323366646638643761303536613930616133353462656362666132613533
61643734636365356536326433633737633164656334373965323932353935613139616534633935
31613431376363346331323637656631623631366266646430616639313561666231356536616436
61643836333635313663613363333439343132396165303665353434616138363662623961396637
37323862343639316537343561656134303961646461336464633337666462313233643963393536
64303237646362666266346537393031303665333537656533356536623862323933366164313263
39306638393263303162313732373430613761343066633061663664613963366365386230633064
36316635346231363433303331653337333964326336316531316432356538306633333366666439
37396562633532306535643236623734336334643837383863613232623166373339313262316537
33303032383162346263646432663531353235366234356634333162323230353634376634313831
64353434353833613630383164636435336233393631303833393063633436623761353865633935
36326333303937646632363663353933616665623730373461313430366433666265636232663039
37643436653236383934356166343739346536613032306365653530643937653261393061346534
65323963303761653533353430363235303830313238643866343632613639323038363731373839
36356238366162373366643436333430636637313338363137656636323932333530643233343262
38326130336361383765656261373561626336323437376135346335636665656436656137346230
64316563326635653463636362356238383761393238656230383734646662613633626439623233
31643362366366346531656133373739636464613861336535353766313933306662353135323530
36323533316333633734313830623131643263383332396134656463613634643439376134336564
61616164303061326438313866633035303931643637383939646135633332343832396365336665
65656136316133373038633434356239363037363138666439326639383832653735363566623535
65653539643330323736326131323066636137353935613935653137376635656262373336373632
35323262346663653364383131326262356632363537393531303733343631373535353039393136
39336662313332393532323730653166316632346237313561643137613362346162323533623537
64396630623731633637613834383632653631336236366563383263646135663465356233623939
64623862323031613066303861396635656132306438646438333130383930333462656362633633
30653461383434376161313166626362346630373830623464326362386536356164663564376432
35646463336532386331663139333731366631653564303934393564396265316533303666346432
34623433373331333362633039616532653464626631663536333231373262653335373766343731
63643038393637323032306631326665313431306135363161613461616563373332326238313332
33333532316436333935343734363236396263333233623761376139303066396539383639656362
61393937383765636262653333646635346466613237663336336463366462636266353939373631
64623330323864643237643165346633383633323237656130326335366331306666623764643061
65363564353030653138306134343438646335663665643036613335363863623234303037313361
35383565663566356634646231383538663236363336363835343961363166386233633337336133
38303563666630653438623938626531356362373437396533653935643238623064316464613266
39313038363561633566396534353834386430306633363534306534366630633738393536366139
30336635323964343735343235346339633266366338306338643439376264643430396630633938
38623139646238386138333063313630363639656566643133633836643335303437326233633231
31316539646137326639623264616262363734353431393830633431663937656261386231656134
39633437393463356331366262323532313536663437303133353962373639363535626364396337
31383163383036303565383238366665316136653835373761333730346533313637393534666433
64396166343432373164636238393637623563643461643839373831393338646539326335656538
38323761623532663964633765326139393161316335323334383965623231653634326338316537
39386462316263643737316335393763303036636562343136343737363438303865383964653335
65333435363633666638353466363364383638353330653331373837653331316137343865663732
33656363396364663038333836633337346462323939353135383539613031323462363866316639
65633730363438376134623232326661616231343662636134326463343962393465386264333130
36356666363562376335323566313130383030393331363937303139333730333634316431346430
39386539666165636437393632363931633863663731633735333965646431636330306637636366
39306630313265363637626263343235643536383436646162333435396537653634376630323034
31626132626238396435643335346134613565373238336363343830343161373436363964663239
64383437346132306462616534646635623266323137323932616437333065626239346334353239
39663862373537656539363132343630386561636638666137663438353765386232376630623438
39363963313939303066313636626366363437313164633637613536656439616139333662646237
39326432366163623965646532386231313062346562323930393530383666666330376363333565
61313732643134313238386637306239643230336130393838333933636263373861313561363935
33663030376637353239383132333134313236386630343036633933653737663434383061386463
35656438613634636339333332343530393461326662343533353631323730633934313934316339
37356130626261666530376561643731636234663833363264303164323336396634653438346163
61373937383063356336343766363264646337373361303361383262656466613730366633336164
33303865383932653032623230396630353637326539393737303832396330366662346435636636
39323561356166363132666631396139346131393062303665643339616533303731616134346538
37633165653833666564653362613563636466646461643934366334663439636563393032656533
65656239376330396432323233373034316434323831383438383963333331313464613735366535
30356237343432336339323838316161316566613063623834653732633335303865643263336331
34373030373763383234303137663631383364326331343161316632653865346135616531353439
63323431343064393638666133636337323666343633383538663134663363613966633531643334
33623766333539366662363938626165633736633237353938613235303632383435643862323764
34356331636162613735386633646262376132373836373161633735316339613231666262386262
35383364303231346164353130396538376663303534393733626363303835396162303035353562
36373939396639643662663434376166663135333061306336616332333534626661306265633162
3264323762376261653937303165353935333930636439343437

